{
 "cells": [
  {
   "cell_type": "code",
   "execution_count": 5,
   "metadata": {},
   "outputs": [
    {
     "name": "stderr",
     "output_type": "stream",
     "text": [
      "Warning message:\n",
      "\"package 'Hmisc' was built under R version 3.6.2\"Loading required package: ggplot2\n",
      "Warning message:\n",
      "\"package 'ggplot2' was built under R version 3.6.2\"\n",
      "Attaching package: 'Hmisc'\n",
      "\n",
      "The following objects are masked from 'package:base':\n",
      "\n",
      "    format.pval, units\n",
      "\n"
     ]
    },
    {
     "data": {
      "text/html": [
       "<table>\n",
       "<thead><tr><th></th><th scope=col>mpg</th><th scope=col>cyl</th><th scope=col>disp</th><th scope=col>hp</th><th scope=col>drat</th><th scope=col>wt</th><th scope=col>qsec</th><th scope=col>vs</th><th scope=col>am</th><th scope=col>gear</th><th scope=col>carb</th></tr></thead>\n",
       "<tbody>\n",
       "\t<tr><th scope=row>Mazda RX4</th><td>21.0 </td><td>6    </td><td>160  </td><td>110  </td><td>3.90 </td><td>2.620</td><td>16.46</td><td>0    </td><td>1    </td><td>4    </td><td>4    </td></tr>\n",
       "\t<tr><th scope=row>Mazda RX4 Wag</th><td>21.0 </td><td>6    </td><td>160  </td><td>110  </td><td>3.90 </td><td>2.875</td><td>17.02</td><td>0    </td><td>1    </td><td>4    </td><td>4    </td></tr>\n",
       "\t<tr><th scope=row>Datsun 710</th><td>22.8 </td><td>4    </td><td>108  </td><td> 93  </td><td>3.85 </td><td>2.320</td><td>18.61</td><td>1    </td><td>1    </td><td>4    </td><td>1    </td></tr>\n",
       "\t<tr><th scope=row>Hornet 4 Drive</th><td>21.4 </td><td>6    </td><td>258  </td><td>110  </td><td>3.08 </td><td>3.215</td><td>19.44</td><td>1    </td><td>0    </td><td>3    </td><td>1    </td></tr>\n",
       "\t<tr><th scope=row>Hornet Sportabout</th><td>18.7 </td><td>8    </td><td>360  </td><td>175  </td><td>3.15 </td><td>3.440</td><td>17.02</td><td>0    </td><td>0    </td><td>3    </td><td>2    </td></tr>\n",
       "\t<tr><th scope=row>Valiant</th><td>18.1 </td><td>6    </td><td>225  </td><td>105  </td><td>2.76 </td><td>3.460</td><td>20.22</td><td>1    </td><td>0    </td><td>3    </td><td>1    </td></tr>\n",
       "</tbody>\n",
       "</table>\n"
      ],
      "text/latex": [
       "\\begin{tabular}{r|lllllllllll}\n",
       "  & mpg & cyl & disp & hp & drat & wt & qsec & vs & am & gear & carb\\\\\n",
       "\\hline\n",
       "\tMazda RX4 & 21.0  & 6     & 160   & 110   & 3.90  & 2.620 & 16.46 & 0     & 1     & 4     & 4    \\\\\n",
       "\tMazda RX4 Wag & 21.0  & 6     & 160   & 110   & 3.90  & 2.875 & 17.02 & 0     & 1     & 4     & 4    \\\\\n",
       "\tDatsun 710 & 22.8  & 4     & 108   &  93   & 3.85  & 2.320 & 18.61 & 1     & 1     & 4     & 1    \\\\\n",
       "\tHornet 4 Drive & 21.4  & 6     & 258   & 110   & 3.08  & 3.215 & 19.44 & 1     & 0     & 3     & 1    \\\\\n",
       "\tHornet Sportabout & 18.7  & 8     & 360   & 175   & 3.15  & 3.440 & 17.02 & 0     & 0     & 3     & 2    \\\\\n",
       "\tValiant & 18.1  & 6     & 225   & 105   & 2.76  & 3.460 & 20.22 & 1     & 0     & 3     & 1    \\\\\n",
       "\\end{tabular}\n"
      ],
      "text/markdown": [
       "\n",
       "| <!--/--> | mpg | cyl | disp | hp | drat | wt | qsec | vs | am | gear | carb |\n",
       "|---|---|---|---|---|---|---|---|---|---|---|---|\n",
       "| Mazda RX4 | 21.0  | 6     | 160   | 110   | 3.90  | 2.620 | 16.46 | 0     | 1     | 4     | 4     |\n",
       "| Mazda RX4 Wag | 21.0  | 6     | 160   | 110   | 3.90  | 2.875 | 17.02 | 0     | 1     | 4     | 4     |\n",
       "| Datsun 710 | 22.8  | 4     | 108   |  93   | 3.85  | 2.320 | 18.61 | 1     | 1     | 4     | 1     |\n",
       "| Hornet 4 Drive | 21.4  | 6     | 258   | 110   | 3.08  | 3.215 | 19.44 | 1     | 0     | 3     | 1     |\n",
       "| Hornet Sportabout | 18.7  | 8     | 360   | 175   | 3.15  | 3.440 | 17.02 | 0     | 0     | 3     | 2     |\n",
       "| Valiant | 18.1  | 6     | 225   | 105   | 2.76  | 3.460 | 20.22 | 1     | 0     | 3     | 1     |\n",
       "\n"
      ],
      "text/plain": [
       "                  mpg  cyl disp hp  drat wt    qsec  vs am gear carb\n",
       "Mazda RX4         21.0 6   160  110 3.90 2.620 16.46 0  1  4    4   \n",
       "Mazda RX4 Wag     21.0 6   160  110 3.90 2.875 17.02 0  1  4    4   \n",
       "Datsun 710        22.8 4   108   93 3.85 2.320 18.61 1  1  4    1   \n",
       "Hornet 4 Drive    21.4 6   258  110 3.08 3.215 19.44 1  0  3    1   \n",
       "Hornet Sportabout 18.7 8   360  175 3.15 3.440 17.02 0  0  3    2   \n",
       "Valiant           18.1 6   225  105 2.76 3.460 20.22 1  0  3    1   "
      ]
     },
     "metadata": {},
     "output_type": "display_data"
    },
    {
     "data": {
      "image/png": "iVBORw0KGgoAAAANSUhEUgAAA0gAAANICAMAAADKOT/pAAAAMFBMVEUAAABNTU1oaGh8fHyM\njIyampqnp6eysrK9vb3Hx8fQ0NDZ2dnh4eHp6enw8PD////QFLu4AAAACXBIWXMAABJ0AAAS\ndAHeZh94AAAT8UlEQVR4nO3d4ULayAKG4QQQFRHv/25XsK0oLmr4kplJnudHy3HP7owpbyGT\nIXYvwM260hOAORASBAgJAoQEAUKCACFBgJAgQEgQICQIEBIECAkChAQBQoIAIUGAkCBASBAg\nJAgQEgQICQKEBAFCggAhQYCQIEBIECAkCBASBAgJAoQEAUKCACFBgJAgQEgQICQIEBIECAkC\nhAQBQoIAIUGAkCBASBAgJAgQEgQICQKEBAFCggAhQYCQIEBIECAkCBASBAgJAoQEAUKCACFB\ngJAgQEgQICQIEBIECAkChAQBQoIAIUGAkCBASBAgJAgQEgQICQKEBAFCggAhQYCQIEBIECAk\nCBASBAgJAoQEAUKCACFBgJAgQEgQICQIEBIECAkChAQBQoIAIUGAkCBASBAgJAgQEgQICQKE\nBAFCggAhQYCQIEBIECAkCJggpA4aM+BZng+nwBCQJCQIEBIECAkChAQBQoIAIUGAkCBASBAg\nJAgQEgQICQKEBAFCggAhQYCQIEBIECAkCJh9SIM+BAy/NPOQThVJidHNPaTsfw7+x7xD6j79\nDiMREgQICQLmHZJzJCYy95Cs2jGJmYfkOhLTmH1IMAUhQYCQIEBIECAkCBASBAgJAoQEAYsM\nyUVa0hYYkm1D5C0xpPGHYHGWF5KPVjACIUGAkCBgeSE5R2IESwzJqh1xCwzJdSTyFhkSpAkJ\nAoQEAUKCACFBgJAgQEgQICQIEBIECAkChAQBQoIAIUGAkCBASBAgJAgQEgQICQKEBAFCggAh\nDeQGKpwT0iBu6cVHQhrETSb5SEhDuO0xnwhpCCHxiZCGEBKfCGkQ50h8JKRBrNrxkZAGch2J\nc0KCACFBgJAgQEgQICQIEBIECAkChAQBQoIAIUGAkCBASBAgJAgQEgQICQKEBAFCggAhQYCQ\nIEBIECAkCBASBAgJAoQEAUKCACFBgJAgQEgQICQIEBIECAkChAQBQoIAIUGAkCBASBAgJAiY\nNKSn+013tNk+jTUEFDFhSIdV9249yhBQyIQhbbv+cX969Lzru+0YQ0AhE4bUd/t/j/ddP8YQ\nUMiEIXXd//2P2BBQiFckCJj2HGn3fHrkHIm5mXL5e322arc6jDIElDHtdaTt6TpSv7l3HYl5\nsbMBAoQEAbYInQ97fVEe/pctQu+Ddi/fXd+C/2GL0KdBhcQQLsh+HlNJDFDPFqHu3MAhbiEk\nbuAV6fOYQmIAW4Q+DaojhrBF6H1Qq3YMZovQ+bAyYiA7GyBASBBQJKRv30EJicYICQImvSD7\n42uuQqIxE4b01AuJuZryrd1h061PV2S9tWNupj1Heuy6xxchMT8TLzY8r7vNQUjMzuSrdvdd\nvxMSczP98vd+9f1OHCHRmBLXke6ExNzYIgQBQoIAIUGAkCBASBAgJAgQEgQICQKEBAFCggAh\nQYCQIEBIECAkCBASBAgJAoQEAUKCACFBgJAgQEgQICQIEBIECAkChAQBQoIAIUGAkCBASBAg\nJAgQEgQICQKEBAFCggAhQYCQIEBI37n4Gezf/1B2lkdI152iOS/n4gvwIqTvdGe/fv0FeBHS\nN7pPv19+AY6EdJWQ+BkhXSUkfkZI1zlH4keEdJ1VO35ESN9xHYkfEBIECAkChAQBQoIAITGa\nJS3LCGlG6nriLutCgZBmo7Yn7rIuXQtpNip74i5sM5WQ5qK2J25t8xmZkOaitidubfMZmZDm\noronbmVvNUcmpNmo7Ylb2+LHuIQ0G/U9cetajh+XkGZkSU/c2ggJAoQEAUKCACFBgJAgQEgQ\nICQIEBIECAkChAQBQoIAIUGAkCBASBAgJAgQEgQICQKEBAFCggAhQYCQIEBIECAkCBASBAgJ\nAoQEAUKCACFBgJAgQEgQICQIEBIECAkChAQBQoIAIUGAkCCgrZD82G4q1VJIp4qkRI2aCmmq\n4eG3Ggqpu/YPoSghQYCQIKChkJwjUa+mQrJqR61aCsl1JKrVVkhQKSFBgJAgQEgQICQIEBIE\nTBrS0/2mO9psn8YaAoqYMKTDqnu3HmUIKGTCkLZd/7g/PXre9d12jCGgkAlD6rv9v8f7rh9j\nCChkwpA+bO+5vtdHSDTGK9J37O/jB6Y9R9o9nx41dI5kxzk/MuXy9/ps1W51GGWIOJ+B4kem\nvY60PV1H6jf3rVxH8qlcfsbOhqvKhOS0rD1CuqpESE7LWmSL0HUFzpGclrXIFqHrpn95cFrW\nJFuEvjP1CYuQmuSCbG2E1KR6tgh15wYOMQvOkVrkFak6Vu1aZItQhRb+ktwkW4QgwBYhCLCz\nAQKEBAEFQnrou9XDuEPAxKYMab/p+oeX+6a2CMGPTBjS/lTQtrs7vDxvuquvSUKiMROGdHe8\ndrR9uxJ76FZjDAGFTL5FqNuc/Y/0EFDI5CE9vr2ns0WIWZn0rd3d3+0MhztbhJiVKT/Y1/97\nP9ddf0ESEq2Z9DrS9m8+/dXXIyHRHDsbIEBIECAkCBASBAgJAoQEAUKCgJtDejx+evxuF5rO\nl0NA9W4N6e8NTTapCV0OAfW7MaTjLbZef9v11z9fdMsQ0IAbQ/p708f99c8X3TIENODGkM62\noSZm89UQ0ICb39r9fUWKniQJicbcuthwfzpHeuqv38zkpiGgfje/tRvlh0iUCMkNt7mBkP6M\n6EdAcAs7G85HFBIDCenDgEpimFtDeli9vDyvutU3P17iliGmICRuc2NIu+NpRX88PYqWJCQa\nc2NI6+7xtKvh8Zubed8wxDScI3GTwM6G/fEeda3vbLBqx00CIW26XfshuY7ETW5+a7ffHW/2\n2PxbO7jJ7YsNXXd//Os8+tE+IdGYm5e/+9NdvFePofl8MQTUzwVZCBASBNwQ0nGVa4QNqwNn\nBSUJCQK8tYMAIUHATW/tRvlQ38BZQUlCgoBb39pt/tz85C40ny+GgPrFbsf1zU+FHT4ENMAN\nIiEgdsvi/uv/8zBCojG330T/+BnzXX/cAp4jJBrjx7pAwM0XZE8/aGwzjx805kOyDGVnw/ug\nbtvAYEL6NKiQGEJIn8dUEgMI6fOYQmIAIX0eU0gMIKRPg+qIIYT0PqhVOwYT0vmwMmIgIUGA\nkCBASBAgJAgQEgQICQKEBAFCggAhQYCQIEBIECAkCBASBAgJAoQEAUKCACFBgJAgQEgQICQI\nEBIECAkChAQBQoIAIUGAkCBASBAgJAgQEgQICQKEBAFCggAhQYCQIEBIECAkCBASBAgJAtoK\nqeskRpVaCulUkZSoUVMhTTU8/FZDIXXX/iEUJSQIEBIENBSScyTq1VRIVu2oVUshuY5EtdoK\nCSolJAgQEgQICQKEBAFCggAhQYCQIEBIECAkCBASBAgJAoQEAUKCACFBgJAgYNKQnu433dFm\n+zTWEFDEhCEdVt279ShDQCEThrTt+sf96dHzru+2YwwBhUwYUt/t/z3ed/0YQ0AhE4b04cYl\n1+9iIiQa4xUJAqY9R9o9nx45R2Juplz+Xp+t2q0OowwBZUx7HWl7uo7Ub+5dR2Je7GyAACFB\ngC1CEGCLEATYIgQBLshCQD1bhLpzA4eAQrwiQYAtQhBgixAE2CIEAXY2QICQIGDKkA53Xbfe\n/fmP+IQsczLlFqH+baPd239ESMzJpMvfD681PfSnbXZCYlYmvSB7+u25Xz0LiZkpsEXosF4L\niZmZMKRV9/ci7GotJOZlwpAeurs/j567tZCYlSmXv7f/6tl9s8FbSDRm0guy+83fR893QmJO\n7GyAACFBgJAgQEgQICQIEBIECAkChAQBQoIAIUGAkCBASBAgJAgQEgQICQKEBAFCggAhQYCQ\nIEBIECAkCBASBAgJAoQEAUKCACFBgJB4+eZO7PyAkBbvVJGUbiSkxevOfmUoIS1d9+l3BhHS\n0gkpQkhLJ6QIIS2ec6QEIS2eVbsEIeE6UoCQIEBIECCkRfOmLkVIC2aZIUdIC2bhO0dIy+VS\nbJCQlktIQUJaLiEFCWnBnCPlCGnBrNrlCGnRXEdKERIECAkChAQBQoIAIUGAkCBASBAgJAgQ\nEgQICQKE1DibfOogpKbZdloLIbXjixcfH4SohZBa8dWLj4/mVUNIrfjqxUdI1RBSI75sRkjV\nEFIjvm7GOVIthNSI/wnJql0lhNSK/3nxSVxHci3qdkJqxWgvPl7VEoTUjpFeOJxnJQhp6az8\nRQhp6YQUIaSlE1KEkBbPOVKCkBbPql2CkHAdKUBIECAkCBASBAgJAoQEAUKCACFBgJAgQEgQ\nICQIEBIECAkChAQBQoIAIUGAkCBASBAgJAgQEgQICQKExGBumvJOSO0r9Hwe+zZebWUqpNYV\nuy3duDeWbO1ue0JqXakbpY58q+PW7v8qpMYVu3X3uAM3d0dyITVOSHUQUuPKPeNGffMlpIhm\nDl8Fip1MjLsc4BwpoZ3jV17B5a0xF6it2iW0c/xq0NYFlx9r69sSEgQICQKEBAFCggAhQYCQ\nIEBIECAkCBDSsrR1lbMhk4b0dL/pjjbbp7GG4JrW9t00ZMKQDqvu3XqUIbiutZ2gDZkwpG3X\nP+5Pj553fbcdYwiuau6zCQ2ZMKS+2/97vO/6MYbgKiGNZ8KQPrw3v/5G3Z/0KIQ0Hq9IS+Ic\naTTTniPtnk+PnCMVYtVuNFMuf6/PVu1Wh1GG4BuuI41k2utI29N1pH5z7zoS82JnAwQICQJs\nEYIAW4QgwBYhCHBBFgLq2SLUnRs4BBTiFQkCbBGCAFuE5snb44nZIjRHNqdOzs6GOfJxickJ\naYZ8gG96QpohIU1PSDMkpOkJaY6cI01u0p0NP9684ClwG6t2k5swpAchTcd1pIlN+dZu31//\n8ERgCChj0nOk/fWNQYkhoIhpFxsezvatjjQElGDVDgKEBAFCggAhQYCQIEBIECAkCBASBAgJ\nAoQEAUKCACHxWz6i8QUh8Ts+NPglIfE7Psb+JSHxK26s8jUh8StC+pqQ+JVFh3RlmUVI/M5y\nz5GuLrMIid9Z7qrd1b9ChMRvLfQ60vU3tUKCHxESBAiJQmb2HtA5EiXMblXCqh0lzHCd3HUk\nJrewK7dCYhxCGuFfqXAIRiakEf6VCodgbDM8R7pCSIxkdqt2VwmJ0czsOtJVQoIAIUGAkCBA\nSBAgJAgQEgQICQKEBAFCggAhQYCQIEBIECAkCBASBAgJAoQEAUKCACFBQKUhQWMGPMvz4Uyt\nxm+hwjlVOKUa5zR0ShV+K79V47dQ4ZwqnFKNcxJSVSqcU4VTqnFOQqpKhXOqcEo1zklIValw\nThVOqcY5CakqFc6pwinVOCchVaXCOVU4pRrnJKSqVDinCqdU45yEVJUK51ThlGqck5CqUuGc\nKpxSjXMSUlUqnFOFU6pxTkKqSoVzqnBKNc5pwSFBeUKCACFBgJAgQEgQICQIEBIECAkChAQB\nQoIAIUGAkCBASBAgJAgQEgQICQIaDelw13V3+/OvbPuu3x5KzefoYk6Db8ge9fRhAuUP09GH\nOZU/TJcz+P1hKv3HPFB/+s7PnrXr0xdW5WZ0Oad9+WfIq0N/PoEKDtPLpzmVP0yXMxhwmNoM\nadvdHX/Z/PvCU9fvX/Z991TRnPZnj8vZnD9BKjhMRx/mVP4wXcxgyGFqM6S+O77snv1xbLvd\n66+P3X2xKV3O6aHkbP56/PA3bQWH6eXznMofposZDDlMbYb0puv/Pdx0zy81/OV2PqeH7qHg\nRN48d+vzJ20Vh+nTnMofposZDDlMDYe0Pfv+//zJlD4h+TCnTbe7ez1lLTib45v95/NjUsVh\n+jSn8ofpYgZDDlPpZ95gr+8PbvzW8z7OafN2CrsuN5+X++7xpbaQPs+p/GG6mMGiQnrY9Gfv\nYWt4hlzO6fHl5bAt+M7l9OakspC+mFPpw3Qxg0WF9Orutm99FHefnxCHgovNq/5QXUgXc3pT\n8jBdzGBpIR3ez+z78s+QN2dz+qPcnO5Oi0/n45c/TJdz+qP8H937DIYcpuLTv8X7d/q2zvJc\nftXu8uiXe4Zc/rT78ofpck7//kGR+Xw5gyGHqfj0B3m7ZvP8/mJ8f/qLbtcVXPy5mNPfLxR7\n1l4+acsfpss5FT9MlzMYcpjaDOm0i+CweT8fqeCS/cWctsc/iMPbxb2CKtzZ8GFO5Q/TxQyW\ns7Phz76204Ll2x/KqvQa6uWcDm9fKHsh6dOZcwWH6X0ytRym8xkMPkyNhnTcnrt6+7v/7Vs/\nnPbrFp3Sl3Nalb5s/zGkGg7TyxdzKnuYDoFnU6shQVWEBAFCggAhQYCQIEBIECAkCBASBAgJ\nAoQEAUKCACFBgJAgQEgQICQIEBIECAkChAQBQoIAIUGAkCBASBAgJAgQEgQICQKEBAFCggAh\nQYCQIEBIECAkCBASBAgJAoTUmv/58d+Ff1Lt4gmpNV+HtPIHWZbj35qvQ/qf1ymm4vi3RkhV\ncvwbsu277SmZrjusus3ridGme/vp26cfZ196eovm6Ldjfaxl8xbS62/bl/tTP68PhFSco9+M\nx67fv+z7t5DWh5fjb4/HL3cv3toV5/g3Y9M9vf66ewvp6f3rQqqB49+MP628hfTna8+7+7WQ\nauD4N+OLkNbd35MjIRXm+DfjMqS7bvWwexZSDRz/Zmy64zagp7OQTr8JqQqOfzN256t2p68c\n1xz2f8+RnsvObumE1I7N8Xzo7iyk7dsp0nEJb9V1feHpLZuQGnL/vrPh7QuvVa2fdsc9Dk8r\nIRUlJAgQEgQICQKEBAFCggAhQYCQIEBIECAkCBASBAgJAoQEAUKCACFBgJAgQEgQICQIEBIE\nCAkChAQBQoIAIUGAkCBASBAgJAgQEgQICQKEBAFCggAhQYCQIOA/Gh9cZm12fTEAAAAASUVO\nRK5CYII=",
      "text/plain": [
       "plot without title"
      ]
     },
     "metadata": {},
     "output_type": "display_data"
    }
   ],
   "source": [
    "library(Hmisc)\n",
    "data(mtcars)\n",
    "head(mtcars)\n",
    "drat <- mtcars$drat\n",
    "disp <- mtcars$disp\n",
    "plot(drat, disp)"
   ]
  },
  {
   "cell_type": "code",
   "execution_count": 6,
   "metadata": {},
   "outputs": [
    {
     "data": {
      "text/html": [
       "-0.71021392716927"
      ],
      "text/latex": [
       "-0.71021392716927"
      ],
      "text/markdown": [
       "-0.71021392716927"
      ],
      "text/plain": [
       "[1] -0.7102139"
      ]
     },
     "metadata": {},
     "output_type": "display_data"
    }
   ],
   "source": [
    "cor(drat, disp)"
   ]
  },
  {
   "cell_type": "code",
   "execution_count": 10,
   "metadata": {},
   "outputs": [
    {
     "data": {
      "text/html": [
       "<table>\n",
       "<thead><tr><th></th><th scope=col>mpg</th><th scope=col>cyl</th><th scope=col>disp</th><th scope=col>hp</th><th scope=col>drat</th><th scope=col>wt</th><th scope=col>qsec</th><th scope=col>vs</th><th scope=col>am</th><th scope=col>gear</th><th scope=col>carb</th></tr></thead>\n",
       "<tbody>\n",
       "\t<tr><th scope=row>mpg</th><td>  36.324103 </td><td> -9.1723790 </td><td> -633.09721 </td><td>-320.732056 </td><td>  2.19506351</td><td> -5.1166847 </td><td>  4.50914919</td><td>  2.01713710</td><td>  1.80393145</td><td>  2.1356855 </td><td>-5.36310484 </td></tr>\n",
       "\t<tr><th scope=row>cyl</th><td>  -9.172379 </td><td>  3.1895161 </td><td>  199.66028 </td><td> 101.931452 </td><td> -0.66836694</td><td>  1.3673710 </td><td> -1.88685484</td><td> -0.72983871</td><td> -0.46572581</td><td> -0.6491935 </td><td> 1.52016129 </td></tr>\n",
       "\t<tr><th scope=row>disp</th><td>-633.097208 </td><td>199.6602823 </td><td>15360.79983 </td><td>6721.158669 </td><td>-47.06401915</td><td>107.6842040 </td><td>-96.05168145</td><td>-44.37762097</td><td>-36.56401210</td><td>-50.8026210 </td><td>79.06875000 </td></tr>\n",
       "\t<tr><th scope=row>hp</th><td>-320.732056 </td><td>101.9314516 </td><td> 6721.15867 </td><td>4700.866935 </td><td>-16.45110887</td><td> 44.1926613 </td><td>-86.77008065</td><td>-24.98790323</td><td> -8.32056452</td><td> -6.3588710 </td><td>83.03629032 </td></tr>\n",
       "\t<tr><th scope=row>drat</th><td>   2.195064 </td><td> -0.6683669 </td><td>  -47.06402 </td><td> -16.451109 </td><td>  0.28588135</td><td> -0.3727207 </td><td>  0.08714073</td><td>  0.11864919</td><td>  0.19015121</td><td>  0.2759879 </td><td>-0.07840726 </td></tr>\n",
       "\t<tr><th scope=row>wt</th><td>  -5.116685 </td><td>  1.3673710 </td><td>  107.68420 </td><td>  44.192661 </td><td> -0.37272073</td><td>  0.9573790 </td><td> -0.30548161</td><td> -0.27366129</td><td> -0.33810484</td><td> -0.4210806 </td><td> 0.67579032 </td></tr>\n",
       "\t<tr><th scope=row>qsec</th><td>   4.509149 </td><td> -1.8868548 </td><td>  -96.05168 </td><td> -86.770081 </td><td>  0.08714073</td><td> -0.3054816 </td><td>  3.19316613</td><td>  0.67056452</td><td> -0.20495968</td><td> -0.2804032 </td><td>-1.89411290 </td></tr>\n",
       "\t<tr><th scope=row>vs</th><td>   2.017137 </td><td> -0.7298387 </td><td>  -44.37762 </td><td> -24.987903 </td><td>  0.11864919</td><td> -0.2736613 </td><td>  0.67056452</td><td>  0.25403226</td><td>  0.04233871</td><td>  0.0766129 </td><td>-0.46370968 </td></tr>\n",
       "\t<tr><th scope=row>am</th><td>   1.803931 </td><td> -0.4657258 </td><td>  -36.56401 </td><td>  -8.320565 </td><td>  0.19015121</td><td> -0.3381048 </td><td> -0.20495968</td><td>  0.04233871</td><td>  0.24899194</td><td>  0.2923387 </td><td> 0.04637097 </td></tr>\n",
       "\t<tr><th scope=row>gear</th><td>   2.135685 </td><td> -0.6491935 </td><td>  -50.80262 </td><td>  -6.358871 </td><td>  0.27598790</td><td> -0.4210806 </td><td> -0.28040323</td><td>  0.07661290</td><td>  0.29233871</td><td>  0.5443548 </td><td> 0.32661290 </td></tr>\n",
       "\t<tr><th scope=row>carb</th><td>  -5.363105 </td><td>  1.5201613 </td><td>   79.06875 </td><td>  83.036290 </td><td> -0.07840726</td><td>  0.6757903 </td><td> -1.89411290</td><td> -0.46370968</td><td>  0.04637097</td><td>  0.3266129 </td><td> 2.60887097 </td></tr>\n",
       "</tbody>\n",
       "</table>\n"
      ],
      "text/latex": [
       "\\begin{tabular}{r|lllllllllll}\n",
       "  & mpg & cyl & disp & hp & drat & wt & qsec & vs & am & gear & carb\\\\\n",
       "\\hline\n",
       "\tmpg &   36.324103  &  -9.1723790  &  -633.09721  & -320.732056  &   2.19506351 &  -5.1166847  &   4.50914919 &   2.01713710 &   1.80393145 &   2.1356855  & -5.36310484 \\\\\n",
       "\tcyl &   -9.172379  &   3.1895161  &   199.66028  &  101.931452  &  -0.66836694 &   1.3673710  &  -1.88685484 &  -0.72983871 &  -0.46572581 &  -0.6491935  &  1.52016129 \\\\\n",
       "\tdisp & -633.097208  & 199.6602823  & 15360.79983  & 6721.158669  & -47.06401915 & 107.6842040  & -96.05168145 & -44.37762097 & -36.56401210 & -50.8026210  & 79.06875000 \\\\\n",
       "\thp & -320.732056  & 101.9314516  &  6721.15867  & 4700.866935  & -16.45110887 &  44.1926613  & -86.77008065 & -24.98790323 &  -8.32056452 &  -6.3588710  & 83.03629032 \\\\\n",
       "\tdrat &    2.195064  &  -0.6683669  &   -47.06402  &  -16.451109  &   0.28588135 &  -0.3727207  &   0.08714073 &   0.11864919 &   0.19015121 &   0.2759879  & -0.07840726 \\\\\n",
       "\twt &   -5.116685  &   1.3673710  &   107.68420  &   44.192661  &  -0.37272073 &   0.9573790  &  -0.30548161 &  -0.27366129 &  -0.33810484 &  -0.4210806  &  0.67579032 \\\\\n",
       "\tqsec &    4.509149  &  -1.8868548  &   -96.05168  &  -86.770081  &   0.08714073 &  -0.3054816  &   3.19316613 &   0.67056452 &  -0.20495968 &  -0.2804032  & -1.89411290 \\\\\n",
       "\tvs &    2.017137  &  -0.7298387  &   -44.37762  &  -24.987903  &   0.11864919 &  -0.2736613  &   0.67056452 &   0.25403226 &   0.04233871 &   0.0766129  & -0.46370968 \\\\\n",
       "\tam &    1.803931  &  -0.4657258  &   -36.56401  &   -8.320565  &   0.19015121 &  -0.3381048  &  -0.20495968 &   0.04233871 &   0.24899194 &   0.2923387  &  0.04637097 \\\\\n",
       "\tgear &    2.135685  &  -0.6491935  &   -50.80262  &   -6.358871  &   0.27598790 &  -0.4210806  &  -0.28040323 &   0.07661290 &   0.29233871 &   0.5443548  &  0.32661290 \\\\\n",
       "\tcarb &   -5.363105  &   1.5201613  &    79.06875  &   83.036290  &  -0.07840726 &   0.6757903  &  -1.89411290 &  -0.46370968 &   0.04637097 &   0.3266129  &  2.60887097 \\\\\n",
       "\\end{tabular}\n"
      ],
      "text/markdown": [
       "\n",
       "| <!--/--> | mpg | cyl | disp | hp | drat | wt | qsec | vs | am | gear | carb |\n",
       "|---|---|---|---|---|---|---|---|---|---|---|---|\n",
       "| mpg |   36.324103  |  -9.1723790  |  -633.09721  | -320.732056  |   2.19506351 |  -5.1166847  |   4.50914919 |   2.01713710 |   1.80393145 |   2.1356855  | -5.36310484  |\n",
       "| cyl |   -9.172379  |   3.1895161  |   199.66028  |  101.931452  |  -0.66836694 |   1.3673710  |  -1.88685484 |  -0.72983871 |  -0.46572581 |  -0.6491935  |  1.52016129  |\n",
       "| disp | -633.097208  | 199.6602823  | 15360.79983  | 6721.158669  | -47.06401915 | 107.6842040  | -96.05168145 | -44.37762097 | -36.56401210 | -50.8026210  | 79.06875000  |\n",
       "| hp | -320.732056  | 101.9314516  |  6721.15867  | 4700.866935  | -16.45110887 |  44.1926613  | -86.77008065 | -24.98790323 |  -8.32056452 |  -6.3588710  | 83.03629032  |\n",
       "| drat |    2.195064  |  -0.6683669  |   -47.06402  |  -16.451109  |   0.28588135 |  -0.3727207  |   0.08714073 |   0.11864919 |   0.19015121 |   0.2759879  | -0.07840726  |\n",
       "| wt |   -5.116685  |   1.3673710  |   107.68420  |   44.192661  |  -0.37272073 |   0.9573790  |  -0.30548161 |  -0.27366129 |  -0.33810484 |  -0.4210806  |  0.67579032  |\n",
       "| qsec |    4.509149  |  -1.8868548  |   -96.05168  |  -86.770081  |   0.08714073 |  -0.3054816  |   3.19316613 |   0.67056452 |  -0.20495968 |  -0.2804032  | -1.89411290  |\n",
       "| vs |    2.017137  |  -0.7298387  |   -44.37762  |  -24.987903  |   0.11864919 |  -0.2736613  |   0.67056452 |   0.25403226 |   0.04233871 |   0.0766129  | -0.46370968  |\n",
       "| am |    1.803931  |  -0.4657258  |   -36.56401  |   -8.320565  |   0.19015121 |  -0.3381048  |  -0.20495968 |   0.04233871 |   0.24899194 |   0.2923387  |  0.04637097  |\n",
       "| gear |    2.135685  |  -0.6491935  |   -50.80262  |   -6.358871  |   0.27598790 |  -0.4210806  |  -0.28040323 |   0.07661290 |   0.29233871 |   0.5443548  |  0.32661290  |\n",
       "| carb |   -5.363105  |   1.5201613  |    79.06875  |   83.036290  |  -0.07840726 |   0.6757903  |  -1.89411290 |  -0.46370968 |   0.04637097 |   0.3266129  |  2.60887097  |\n",
       "\n"
      ],
      "text/plain": [
       "     mpg         cyl         disp        hp          drat         wt         \n",
       "mpg    36.324103  -9.1723790  -633.09721 -320.732056   2.19506351  -5.1166847\n",
       "cyl    -9.172379   3.1895161   199.66028  101.931452  -0.66836694   1.3673710\n",
       "disp -633.097208 199.6602823 15360.79983 6721.158669 -47.06401915 107.6842040\n",
       "hp   -320.732056 101.9314516  6721.15867 4700.866935 -16.45110887  44.1926613\n",
       "drat    2.195064  -0.6683669   -47.06402  -16.451109   0.28588135  -0.3727207\n",
       "wt     -5.116685   1.3673710   107.68420   44.192661  -0.37272073   0.9573790\n",
       "qsec    4.509149  -1.8868548   -96.05168  -86.770081   0.08714073  -0.3054816\n",
       "vs      2.017137  -0.7298387   -44.37762  -24.987903   0.11864919  -0.2736613\n",
       "am      1.803931  -0.4657258   -36.56401   -8.320565   0.19015121  -0.3381048\n",
       "gear    2.135685  -0.6491935   -50.80262   -6.358871   0.27598790  -0.4210806\n",
       "carb   -5.363105   1.5201613    79.06875   83.036290  -0.07840726   0.6757903\n",
       "     qsec         vs           am           gear        carb       \n",
       "mpg    4.50914919   2.01713710   1.80393145   2.1356855 -5.36310484\n",
       "cyl   -1.88685484  -0.72983871  -0.46572581  -0.6491935  1.52016129\n",
       "disp -96.05168145 -44.37762097 -36.56401210 -50.8026210 79.06875000\n",
       "hp   -86.77008065 -24.98790323  -8.32056452  -6.3588710 83.03629032\n",
       "drat   0.08714073   0.11864919   0.19015121   0.2759879 -0.07840726\n",
       "wt    -0.30548161  -0.27366129  -0.33810484  -0.4210806  0.67579032\n",
       "qsec   3.19316613   0.67056452  -0.20495968  -0.2804032 -1.89411290\n",
       "vs     0.67056452   0.25403226   0.04233871   0.0766129 -0.46370968\n",
       "am    -0.20495968   0.04233871   0.24899194   0.2923387  0.04637097\n",
       "gear  -0.28040323   0.07661290   0.29233871   0.5443548  0.32661290\n",
       "carb  -1.89411290  -0.46370968   0.04637097   0.3266129  2.60887097"
      ]
     },
     "metadata": {},
     "output_type": "display_data"
    }
   ],
   "source": [
    "cov(mtcars)"
   ]
  },
  {
   "cell_type": "code",
   "execution_count": 11,
   "metadata": {},
   "outputs": [
    {
     "data": {
      "text/plain": [
       "       mpg   cyl  disp    hp  drat    wt  qsec    vs    am  gear  carb\n",
       "mpg   1.00 -0.85 -0.85 -0.78  0.68 -0.87  0.42  0.66  0.60  0.48 -0.55\n",
       "cyl  -0.85  1.00  0.90  0.83 -0.70  0.78 -0.59 -0.81 -0.52 -0.49  0.53\n",
       "disp -0.85  0.90  1.00  0.79 -0.71  0.89 -0.43 -0.71 -0.59 -0.56  0.39\n",
       "hp   -0.78  0.83  0.79  1.00 -0.45  0.66 -0.71 -0.72 -0.24 -0.13  0.75\n",
       "drat  0.68 -0.70 -0.71 -0.45  1.00 -0.71  0.09  0.44  0.71  0.70 -0.09\n",
       "wt   -0.87  0.78  0.89  0.66 -0.71  1.00 -0.17 -0.55 -0.69 -0.58  0.43\n",
       "qsec  0.42 -0.59 -0.43 -0.71  0.09 -0.17  1.00  0.74 -0.23 -0.21 -0.66\n",
       "vs    0.66 -0.81 -0.71 -0.72  0.44 -0.55  0.74  1.00  0.17  0.21 -0.57\n",
       "am    0.60 -0.52 -0.59 -0.24  0.71 -0.69 -0.23  0.17  1.00  0.79  0.06\n",
       "gear  0.48 -0.49 -0.56 -0.13  0.70 -0.58 -0.21  0.21  0.79  1.00  0.27\n",
       "carb -0.55  0.53  0.39  0.75 -0.09  0.43 -0.66 -0.57  0.06  0.27  1.00\n",
       "\n",
       "n= 32 \n",
       "\n",
       "\n",
       "P\n",
       "     mpg    cyl    disp   hp     drat   wt     qsec   vs     am     gear  \n",
       "mpg         0.0000 0.0000 0.0000 0.0000 0.0000 0.0171 0.0000 0.0003 0.0054\n",
       "cyl  0.0000        0.0000 0.0000 0.0000 0.0000 0.0004 0.0000 0.0022 0.0042\n",
       "disp 0.0000 0.0000        0.0000 0.0000 0.0000 0.0131 0.0000 0.0004 0.0010\n",
       "hp   0.0000 0.0000 0.0000        0.0100 0.0000 0.0000 0.0000 0.1798 0.4930\n",
       "drat 0.0000 0.0000 0.0000 0.0100        0.0000 0.6196 0.0117 0.0000 0.0000\n",
       "wt   0.0000 0.0000 0.0000 0.0000 0.0000        0.3389 0.0010 0.0000 0.0005\n",
       "qsec 0.0171 0.0004 0.0131 0.0000 0.6196 0.3389        0.0000 0.2057 0.2425\n",
       "vs   0.0000 0.0000 0.0000 0.0000 0.0117 0.0010 0.0000        0.3570 0.2579\n",
       "am   0.0003 0.0022 0.0004 0.1798 0.0000 0.0000 0.2057 0.3570        0.0000\n",
       "gear 0.0054 0.0042 0.0010 0.4930 0.0000 0.0005 0.2425 0.2579 0.0000       \n",
       "carb 0.0011 0.0019 0.0253 0.0000 0.6212 0.0146 0.0000 0.0007 0.7545 0.1290\n",
       "     carb  \n",
       "mpg  0.0011\n",
       "cyl  0.0019\n",
       "disp 0.0253\n",
       "hp   0.0000\n",
       "drat 0.6212\n",
       "wt   0.0146\n",
       "qsec 0.0000\n",
       "vs   0.0007\n",
       "am   0.7545\n",
       "gear 0.1290\n",
       "carb       "
      ]
     },
     "metadata": {},
     "output_type": "display_data"
    }
   ],
   "source": [
    "rcorr(as.matrix(mtcars), type = \"pearson\")"
   ]
  },
  {
   "cell_type": "code",
   "execution_count": 12,
   "metadata": {},
   "outputs": [
    {
     "data": {
      "text/plain": [
       "       mpg   cyl  disp    hp  drat    wt  qsec    vs    am  gear  carb\n",
       "mpg   1.00 -0.91 -0.91 -0.89  0.65 -0.89  0.47  0.71  0.56  0.54 -0.66\n",
       "cyl  -0.91  1.00  0.93  0.90 -0.68  0.86 -0.57 -0.81 -0.52 -0.56  0.58\n",
       "disp -0.91  0.93  1.00  0.85 -0.68  0.90 -0.46 -0.72 -0.62 -0.59  0.54\n",
       "hp   -0.89  0.90  0.85  1.00 -0.52  0.77 -0.67 -0.75 -0.36 -0.33  0.73\n",
       "drat  0.65 -0.68 -0.68 -0.52  1.00 -0.75  0.09  0.45  0.69  0.74 -0.13\n",
       "wt   -0.89  0.86  0.90  0.77 -0.75  1.00 -0.23 -0.59 -0.74 -0.68  0.50\n",
       "qsec  0.47 -0.57 -0.46 -0.67  0.09 -0.23  1.00  0.79 -0.20 -0.15 -0.66\n",
       "vs    0.71 -0.81 -0.72 -0.75  0.45 -0.59  0.79  1.00  0.17  0.28 -0.63\n",
       "am    0.56 -0.52 -0.62 -0.36  0.69 -0.74 -0.20  0.17  1.00  0.81 -0.06\n",
       "gear  0.54 -0.56 -0.59 -0.33  0.74 -0.68 -0.15  0.28  0.81  1.00  0.11\n",
       "carb -0.66  0.58  0.54  0.73 -0.13  0.50 -0.66 -0.63 -0.06  0.11  1.00\n",
       "\n",
       "n= 32 \n",
       "\n",
       "\n",
       "P\n",
       "     mpg    cyl    disp   hp     drat   wt     qsec   vs     am     gear  \n",
       "mpg         0.0000 0.0000 0.0000 0.0000 0.0000 0.0071 0.0000 0.0008 0.0013\n",
       "cyl  0.0000        0.0000 0.0000 0.0000 0.0000 0.0006 0.0000 0.0022 0.0008\n",
       "disp 0.0000 0.0000        0.0000 0.0000 0.0000 0.0081 0.0000 0.0001 0.0003\n",
       "hp   0.0000 0.0000 0.0000        0.0023 0.0000 0.0000 0.0000 0.0416 0.0639\n",
       "drat 0.0000 0.0000 0.0000 0.0023        0.0000 0.6170 0.0102 0.0000 0.0000\n",
       "wt   0.0000 0.0000 0.0000 0.0000 0.0000        0.2148 0.0004 0.0000 0.0000\n",
       "qsec 0.0071 0.0006 0.0081 0.0000 0.6170 0.2148        0.0000 0.2644 0.4182\n",
       "vs   0.0000 0.0000 0.0000 0.0000 0.0102 0.0004 0.0000        0.3570 0.1170\n",
       "am   0.0008 0.0022 0.0001 0.0416 0.0000 0.0000 0.2644 0.3570        0.0000\n",
       "gear 0.0013 0.0008 0.0003 0.0639 0.0000 0.0000 0.4182 0.1170 0.0000       \n",
       "carb 0.0000 0.0005 0.0014 0.0000 0.4947 0.0036 0.0000 0.0000 0.7264 0.5312\n",
       "     carb  \n",
       "mpg  0.0000\n",
       "cyl  0.0005\n",
       "disp 0.0014\n",
       "hp   0.0000\n",
       "drat 0.4947\n",
       "wt   0.0036\n",
       "qsec 0.0000\n",
       "vs   0.0000\n",
       "am   0.7264\n",
       "gear 0.5312\n",
       "carb       "
      ]
     },
     "metadata": {},
     "output_type": "display_data"
    }
   ],
   "source": [
    "rcorr(as.matrix(mtcars), type = \"spearman\")"
   ]
  },
  {
   "cell_type": "code",
   "execution_count": null,
   "metadata": {},
   "outputs": [],
   "source": []
  }
 ],
 "metadata": {
  "kernelspec": {
   "display_name": "R",
   "language": "R",
   "name": "ir"
  },
  "language_info": {
   "codemirror_mode": "r",
   "file_extension": ".r",
   "mimetype": "text/x-r-source",
   "name": "R",
   "pygments_lexer": "r",
   "version": "3.6.1"
  }
 },
 "nbformat": 4,
 "nbformat_minor": 4
}
